%YAML:1.0
---
landmarks: !!opencv-matrix
   rows: 68
   cols: 2
   dt: f
   data: [ 1.93628738e+02, 1.70957825e+02, 1.99493805e+02,
       1.87530273e+02, 2.05471924e+02, 2.02691589e+02, 2.12775574e+02,
       2.16856110e+02, 2.23809021e+02, 2.31556824e+02, 2.34805191e+02,
       2.41225204e+02, 2.46537476e+02, 2.51609207e+02, 2.60832184e+02,
       2.57235352e+02, 2.79656769e+02, 2.56075623e+02, 2.97321411e+02,
       2.46654449e+02, 3.11475220e+02, 2.33828979e+02, 3.25661804e+02,
       2.20268555e+02, 3.36168030e+02, 2.01364822e+02, 3.40504242e+02,
       1.82202469e+02, 3.39712494e+02, 1.63629898e+02, 3.37194733e+02,
       1.42834457e+02, 3.30271881e+02, 1.21510277e+02, 1.92211929e+02,
       1.58169510e+02, 1.97410126e+02, 1.49607391e+02, 2.05127457e+02,
       1.44295380e+02, 2.15638885e+02, 1.43587906e+02, 2.24833954e+02,
       1.41269394e+02, 2.44097656e+02, 1.33443893e+02, 2.57209320e+02,
       1.24269974e+02, 2.69527069e+02, 1.19485870e+02, 2.82467926e+02,
       1.18359207e+02, 2.96634888e+02, 1.22130859e+02, 2.39748642e+02,
       1.50215759e+02, 2.43439682e+02, 1.62353928e+02, 2.43882675e+02,
       1.75565247e+02, 2.46143356e+02, 1.86271378e+02, 2.39195312e+02,
       2.00339523e+02, 2.46933197e+02, 1.99450607e+02, 2.53865829e+02,
       1.99040436e+02, 2.60717010e+02, 1.94183060e+02, 2.67827179e+02,
       1.90829865e+02, 2.05595123e+02, 1.67133728e+02, 2.11005737e+02,
       1.61579041e+02, 2.19935257e+02, 1.56590424e+02, 2.29758362e+02,
       1.59039200e+02, 2.21645905e+02, 1.63483871e+02, 2.12174606e+02,
       1.66016846e+02, 2.61654999e+02, 1.48635880e+02, 2.69555786e+02,
       1.38197906e+02, 2.78323273e+02, 1.35895325e+02, 2.87505707e+02,
       1.35979141e+02, 2.80871399e+02, 1.41195068e+02, 2.71951843e+02,
       1.45496735e+02, 2.41777802e+02, 2.25320251e+02, 2.45469879e+02,
       2.19606079e+02, 2.52722595e+02, 2.15347702e+02, 2.59844025e+02,
       2.15825424e+02, 2.64981750e+02, 2.12064346e+02, 2.77572540e+02,
       2.09574432e+02, 2.90909943e+02, 2.08462692e+02, 2.81692078e+02,
       2.19422928e+02, 2.74109314e+02, 2.27275024e+02, 2.65992981e+02,
       2.30623444e+02, 2.56723236e+02, 2.33587280e+02, 2.47846344e+02,
       2.30215179e+02, 2.43256943e+02, 2.25563904e+02, 2.54963776e+02,
       2.23055649e+02, 2.60253601e+02, 2.19952911e+02, 2.71092010e+02,
       2.16232376e+02, 2.89053070e+02, 2.11602768e+02, 2.72084808e+02,
       2.18540085e+02, 2.61664917e+02, 2.21080490e+02, 2.55612457e+02,
       2.25621872e+02 ]
