%YAML:1.0
---
landmarks: !!opencv-matrix
   rows: 68
   cols: 2
   dt: f
   data: [ 1.04608780e+02, 9.46055603e+01, 1.05500053e+02,
       1.26020821e+02, 1.08695259e+02, 1.57864273e+02, 1.13108681e+02,
       1.88166077e+02, 1.24446678e+02, 2.17454651e+02, 1.39920517e+02,
       2.43920807e+02, 1.67076416e+02, 2.66544220e+02, 1.93688477e+02,
       2.75696045e+02, 2.27043045e+02, 2.79845093e+02, 2.58454468e+02,
       2.80169403e+02, 2.86798615e+02, 2.64031555e+02, 3.12286957e+02,
       2.47189713e+02, 3.35348999e+02, 2.21953491e+02, 3.47216003e+02,
       1.93258270e+02, 3.51091003e+02, 1.63066971e+02, 3.58362427e+02,
       1.32099350e+02, 3.61230927e+02, 9.97219772e+01, 1.23104263e+02,
       6.64724197e+01, 1.40869492e+02, 4.89422951e+01, 1.61626144e+02,
       5.20025826e+01, 1.81919586e+02, 5.35347557e+01, 2.02332199e+02,
       5.78159103e+01, 2.56166412e+02, 6.04890442e+01, 2.76816986e+02,
       5.07068024e+01, 2.99324585e+02, 4.76061897e+01, 3.19338837e+02,
       5.24893951e+01, 3.37485321e+02, 6.83469849e+01, 2.28579269e+02,
       9.79058456e+01, 2.26915497e+02, 1.17472519e+02, 2.27494629e+02,
       1.36458221e+02, 2.25938614e+02, 1.58749405e+02, 1.99489044e+02,
       1.73368134e+02, 2.14725967e+02, 1.76293274e+02, 2.28309525e+02,
       1.80506683e+02, 2.41802322e+02, 1.79370865e+02, 2.55563614e+02,
       1.73523315e+02, 1.42763687e+02, 9.85700531e+01, 1.55122559e+02,
       9.34602356e+01, 1.81186935e+02, 9.32439804e+01, 1.94871216e+02,
       1.01771965e+02, 1.80754257e+02, 1.04441788e+02, 1.52260696e+02,
       1.02566719e+02, 2.65677948e+02, 1.01363129e+02, 2.77713104e+02,
       9.49598312e+01, 3.04030609e+02, 9.52156448e+01, 3.14470398e+02,
       9.99236069e+01, 3.02927948e+02, 1.05512085e+02, 2.80019684e+02,
       1.03224358e+02, 1.75837021e+02, 2.12023605e+02, 1.97999588e+02,
       2.06523117e+02, 2.18690170e+02, 2.02332581e+02, 2.28707535e+02,
       2.00912994e+02, 2.35952866e+02, 2.02413101e+02, 2.58310638e+02,
       2.05655762e+02, 2.82480621e+02, 2.11892578e+02, 2.62665344e+02,
       2.24029144e+02, 2.45674194e+02, 2.32385590e+02, 2.27579453e+02,
       2.34660065e+02, 2.09285477e+02, 2.32490646e+02, 1.90708420e+02,
       2.23603439e+02, 1.81771149e+02, 2.14576782e+02, 2.04322037e+02,
       2.12512482e+02, 2.26161469e+02, 2.14576843e+02, 2.47325897e+02,
       2.12289978e+02, 2.76716980e+02, 2.12794312e+02, 2.47528122e+02,
       2.14777908e+02, 2.27866150e+02, 2.17550323e+02, 2.05941635e+02,
       2.14168442e+02 ]
